first image index,second image index,overlapping rate,level of distance
5,9,0.705145,4
2,10,0.536789,8
5,14,0.943875,9
10,14,0.766332,4
2,15,0.845383,13
7,15,0.591404,8
5,19,0.639524,14
10,19,0.947977,9
15,19,0.693278,4
2,20,0.553817,18
7,20,0.861283,13
12,20,0.526938,8
2,24,0.961982,22
7,24,0.513707,17
10,24,0.625666,14
15,24,0.949028,9
20,24,0.742983,4
7,25,0.536806,18
12,25,0.847204,13
17,25,0.566733,8
7,29,0.983825,22
12,29,0.525516,17
15,29,0.630021,14
20,29,0.956383,9
25,29,0.778604,4
12,30,0.544929,18
17,30,0.861088,13
22,30,0.578062,8
12,34,0.975280,22
20,34,0.660468,14
25,34,0.956241,9
30,34,0.697784,4
17,35,0.552194,18
22,35,0.848071,13
12,39,0.505727,27
17,39,0.979953,22
25,39,0.662472,14
30,39,0.960631,9
35,39,0.749436,4
22,40,0.546704,18
27,40,0.826079,13
32,40,0.552775,8
22,44,0.982515,22
30,44,0.652750,14
35,44,0.941762,9
40,44,0.777390,4
27,45,0.551231,18
32,45,0.838221,13
37,45,0.578598,8
22,49,0.540344,27
27,49,0.947289,22
35,49,0.651156,14
40,49,0.922278,9
45,49,0.643818,4
32,50,0.561269,18
37,50,0.834586,13
27,54,0.612037,27
32,54,0.941655,22
40,54,0.618526,14
45,54,0.945699,9
50,54,0.749234,4
37,55,0.546870,18
42,55,0.822863,13
47,55,0.601049,8
32,59,0.504425,27
37,59,0.956934,22
45,59,0.728388,14
50,59,0.949667,9
55,59,0.699443,4
42,60,0.582452,18
47,60,0.863750,13
52,60,0.547695,8
42,64,0.973771,22
47,64,0.537974,17
50,64,0.590212,14
55,64,0.954638,9
60,64,0.769124,4
47,65,0.515845,18
52,65,0.852474,13
57,65,0.599448,8
42,69,0.632631,27
47,69,0.961442,22
55,69,0.639489,14
60,69,0.937018,9
65,69,0.699778,4
52,70,0.548628,18
57,70,0.854367,13
62,70,0.521248,8
2,74,0.505337,72
75,77,0.580007,2
74,80,0.566759,6
75,82,0.870939,7
80,82,0.665179,2
74,85,0.892709,11
79,85,0.654907,6
7,86,0.516014,79
75,87,0.577533,12
80,87,0.897586,7
85,87,0.633416,2
74,90,0.650690,16
79,90,0.919942,11
84,90,0.628354,6
12,91,0.560853,79
74,92,0.844972,18
80,92,0.523664,12
85,92,0.906017,7
90,92,0.690296,2
79,95,0.593424,16
84,95,0.918661,11
89,95,0.663235,6
12,96,0.516616,84
17,96,0.602074,79
30,96,0.524613,66
79,97,0.835684,18
85,97,0.527938,12
90,97,0.903460,7
95,97,0.671385,2
84,100,0.601827,16
89,100,0.920316,11
94,100,0.629405,6
22,101,0.532156,79
84,102,0.851204,18
90,102,0.521241,12
95,102,0.896228,7
100,102,0.655256,2
89,105,0.594836,16
94,105,0.905209,11
99,105,0.620390,6
89,107,0.926093,18
95,107,0.574433,12
100,107,0.870827,7
105,107,0.577546,2
94,110,0.648586,16
99,110,0.884847,11
104,110,0.568540,6
94,112,0.838558,18
100,112,0.536966,12
105,112,0.902967,7
110,112,0.717058,2
99,115,0.584600,16
104,115,0.884115,11
109,115,0.701984,6
99,117,0.829681,18
105,117,0.544447,12
110,117,0.890012,7
115,117,0.646083,2
42,119,0.511395,77
104,120,0.592120,16
109,120,0.907105,11
114,120,0.633194,6
104,122,0.896695,18
110,122,0.531850,12
115,122,0.870366,7
120,122,0.581667,2
109,125,0.590164,16
114,125,0.904975,11
119,125,0.595047,6
109,127,0.856099,18
115,127,0.546954,12
120,127,0.893935,7
125,127,0.675181,2
114,130,0.614658,16
119,130,0.893544,11
124,130,0.664050,6
114,132,0.843992,18
120,132,0.539807,12
125,132,0.904371,7
130,132,0.675378,2
119,135,0.591334,16
124,135,0.912597,11
129,135,0.667727,6
60,137,0.544237,77
119,137,0.787321,18
130,137,0.893350,7
135,137,0.696786,2
57,140,0.516185,83
124,140,0.544527,16
129,140,0.916723,11
134,140,0.671742,6
11,142,0.794973,131
5,143,0.996590,138
9,143,0.524928,134
10,143,0.562588,133
14,143,0.873517,129
1,145,0.954821,144
6,145,0.539381,139
16,147,0.795849,131
88,147,0.536546,59
5,148,0.738786,143
10,148,0.926254,138
15,148,0.536371,133
19,148,0.797412,129
80,148,0.530665,68
87,148,0.595110,61
145,149,0.651816,4
1,150,0.661082,149
6,150,0.869039,144
11,150,0.504346,139
142,150,0.645593,8
21,152,0.925900,131
2,153,0.917235,151
10,153,0.725637,143
15,153,0.971764,138
19,153,0.549611,134
20,153,0.560883,133
24,153,0.873603,129
1,154,0.905780,153
145,154,0.933630,9
150,154,0.703396,4
6,155,0.608771,149
11,155,0.918397,144
16,155,0.620010,139
142,155,0.896779,13
147,155,0.674050,8
26,157,0.897598,131
2,158,0.591909,156
7,158,0.895835,151
15,158,0.753297,143
20,158,0.939065,138
24,158,0.642369,134
25,158,0.507061,133
29,158,0.909049,129
86,158,0.500640,72
6,159,0.847457,153
145,159,0.601318,14
150,159,0.872777,9
155,159,0.594076,4
11,160,0.687034,149
16,160,0.965082,144
21,160,0.622910,139
142,160,0.542487,18
147,160,0.850076,13
152,160,0.571107,8
31,162,0.863138,131
7,163,0.565280,156
12,163,0.900046,151
20,163,0.758087,143
25,163,0.994752,138
29,163,0.651757,134
30,163,0.521783,133
34,163,0.905162,129
11,164,0.842379,153
142,164,0.857590,22
150,164,0.585034,14
155,164,0.899134,9
160,164,0.626621,4
16,165,0.664726,149
21,165,0.955897,144
26,165,0.606386,139
147,165,0.532084,18
152,165,0.865576,13
157,165,0.607862,8
98,166,0.502282,68
36,167,0.919876,131
99,167,0.511357,68
12,168,0.612528,156
17,168,0.936377,151
25,168,0.752162,143
30,168,0.994818,138
34,168,0.546283,134
35,168,0.577696,133
39,168,0.890949,129
16,169,0.873144,153
147,169,0.848904,22
155,169,0.648732,14
160,169,0.941619,9
165,169,0.716616,4
21,170,0.620913,149
26,170,0.968344,144
31,170,0.664920,139
152,170,0.551138,18
157,170,0.878741,13
162,170,0.696901,8
41,172,0.862760,131
104,172,0.524465,68
17,173,0.592888,156
22,173,0.916119,151
30,173,0.809108,143
35,173,0.977143,138
39,173,0.599898,134
40,173,0.530364,133
44,173,0.860984,129
21,174,0.857317,153
152,174,0.932232,22
160,174,0.644623,14
165,174,0.921877,9
170,174,0.619291,4
26,175,0.656719,149
31,175,0.978601,144
36,175,0.628602,139
157,175,0.547669,18
162,175,0.899034,13
167,175,0.594833,8
41,177,0.519890,136
46,177,0.888256,131
22,178,0.611613,156
27,178,0.908305,151
35,178,0.759605,143
40,178,0.999599,138
44,178,0.610025,134
45,178,0.544805,133
49,178,0.870199,129
26,179,0.880499,153
157,179,0.917003,22
165,179,0.608796,14
170,179,0.919204,9
175,179,0.657085,4
31,180,0.631316,149
36,180,0.981746,144
41,180,0.571307,139
99,180,0.520850,81
162,180,0.523677,18
167,180,0.875697,13
172,180,0.637176,8
51,182,0.907133,131
27,183,0.655616,156
32,183,0.900161,151
40,183,0.654858,143
45,183,0.943751,138
49,183,0.505239,134
50,183,0.583642,133
54,183,0.936346,129
111,183,0.523057,72
31,184,0.857634,153
105,184,0.528835,79
162,184,0.843687,22
170,184,0.601317,14
175,184,0.909532,9
180,184,0.665406,4
36,185,0.617091,149
41,185,0.986179,144
46,185,0.654700,139
104,185,0.538070,81
109,185,0.509171,76
167,185,0.538029,18
172,185,0.887833,13
177,185,0.666648,8
56,187,0.888753,131
128,187,0.548908,59
32,188,0.558930,156
37,188,0.938404,151
45,188,0.759626,143
50,188,0.999666,138
54,188,0.532242,134
55,188,0.600119,133
59,188,0.918492,129
36,189,0.878493,153
167,189,0.930816,22
175,189,0.606872,14
180,189,0.918801,9
185,189,0.652114,4
41,190,0.677568,149
46,190,0.958661,144
51,190,0.614522,139
172,190,0.528649,18
177,190,0.896671,13
182,190,0.627983,8
61,192,0.781947,131
133,192,0.602391,59
37,193,0.598141,156
42,193,0.906306,151
50,193,0.722927,143
55,193,0.980029,138
59,193,0.527161,134
60,193,0.580635,133
64,193,0.859305,129
41,194,0.859350,153
172,194,0.890650,22
180,194,0.634856,14
185,194,0.906681,9
190,194,0.589878,4
46,195,0.643866,149
51,195,0.924536,144
56,195,0.560953,139
177,195,0.558343,18
182,195,0.878819,13
187,195,0.585746,8
66,197,0.799589,131
138,197,0.635505,59
42,198,0.697472,156
47,198,0.950415,151
55,198,0.732038,143
60,198,0.970463,138
64,198,0.514506,134
65,198,0.537500,133
69,198,0.803257,129
130,198,0.503339,68
137,198,0.583732,61
46,199,0.836215,153
177,199,0.883018,22
185,199,0.641978,14
190,199,0.924032,9
195,199,0.669915,4
51,200,0.613928,149
56,200,0.923869,144
61,200,0.530318,139
128,200,0.515037,72
182,200,0.550551,18
187,200,0.877309,13
192,200,0.679792,8
52,203,0.957844,151
60,203,0.695224,143
65,203,0.962056,138
70,203,0.581877,133
135,203,0.505524,68
51,204,0.844509,153
182,204,0.920005,22
190,204,0.615540,14
195,204,0.929899,9
200,204,0.696525,4
56,205,0.618687,149
61,205,0.908966,144
66,205,0.565096,139
133,205,0.546194,72
187,205,0.526885,18
192,205,0.897970,13
197,205,0.678964,8
52,208,0.554661,156
57,208,0.946140,151
65,208,0.734520,143
70,208,0.943024,138
140,208,0.538873,68
56,209,0.873281,153
187,209,0.924821,22
195,209,0.576736,14
200,209,0.923442,9
205,209,0.659658,4
61,210,0.620727,149
66,210,0.887553,144
138,210,0.570894,72
192,210,0.503642,18
197,210,0.894808,13
202,210,0.621828,8
75,211,0.885549,136
77,211,0.533211,134
80,211,0.514291,131
82,211,0.790967,129
78,214,0.641839,136
83,214,0.846339,131
150,214,0.578920,64
155,214,0.518078,59
73,215,0.944277,142
78,215,0.517215,137
75,216,0.633337,141
80,216,0.865869,136
85,216,0.526585,131
87,216,0.747648,129
215,217,0.643450,2
83,219,0.572729,136
88,219,0.896283,131
147,219,0.507237,72
73,220,0.674739,147
78,220,0.947370,142
83,220,0.544466,137
214,220,0.769958,6
74,221,0.760805,147
80,221,0.659586,141
85,221,0.924177,136
90,221,0.512705,131
92,221,0.750657,129
73,222,0.814796,149
141,222,0.583012,81
215,222,0.837742,7
220,222,0.595870,2
93,224,0.903565,131
78,225,0.684805,147
83,225,0.983319,142
88,225,0.633667,137
142,225,0.501420,83
214,225,0.937043,11
219,225,0.681397,6
79,226,0.826462,147
85,226,0.690122,141
90,226,0.950862,136
92,226,0.510163,134
95,226,0.549533,131
97,226,0.810033,129
78,227,0.881124,149
214,227,0.554043,13
220,227,0.873136,7
225,227,0.632214,2
98,229,0.847213,131
170,229,0.519168,59
83,230,0.727989,147
88,230,0.994056,142
93,230,0.629583,137
147,230,0.575122,83
214,230,0.550709,16
219,230,0.939524,11
224,230,0.708405,6
84,231,0.847578,147
90,231,0.671864,141
95,231,0.964752,136
97,231,0.510180,134
100,231,0.582606,131
102,231,0.833620,129
78,232,0.516520,154
83,232,0.897320,149
214,232,0.964149,18
220,232,0.543481,12
225,232,0.862224,7
230,232,0.562179,2
103,234,0.894496,131
88,235,0.676794,147
93,235,0.984416,142
98,235,0.562821,137
219,235,0.653436,16
224,235,0.940285,11
229,235,0.637721,6
89,236,0.877273,147
95,236,0.682614,141
100,236,0.970235,136
105,236,0.578468,131
107,236,0.925010,129
157,236,0.537185,79
83,237,0.567264,154
88,237,0.953166,149
156,237,0.520866,81
219,237,0.955919,18
225,237,0.553935,12
230,237,0.847360,7
235,237,0.563443,2
103,239,0.521230,136
108,239,0.914767,131
93,240,0.696867,147
98,240,0.936436,142
103,240,0.589914,137
224,240,0.651406,16
229,240,0.904023,11
234,240,0.670900,6
94,241,0.889547,147
100,241,0.706821,141
105,241,0.998137,136
110,241,0.651943,131
112,241,0.850535,129
93,242,0.920570,149
161,242,0.534986,81
224,242,0.940576,18
230,242,0.544573,12
235,242,0.876560,7
240,242,0.647314,2
113,244,0.862283,131
98,245,0.609340,147
103,245,0.932990,142
108,245,0.597078,137
229,245,0.625335,16
234,245,0.941165,11
239,245,0.737363,6
99,246,0.880765,147
105,246,0.682826,141
110,246,0.999051,136
115,246,0.625625,131
117,246,0.880333,129
98,247,0.861773,149
229,247,0.898445,18
234,247,0.503307,13
235,247,0.512361,12
240,247,0.884114,7
245,247,0.644359,2
118,249,0.869990,131
103,250,0.621674,147
108,250,0.951004,142
113,250,0.603328,137
234,250,0.598151,16
239,250,0.946727,11
244,250,0.717459,6
27,251,0.500684,224
104,251,0.907198,147
110,251,0.632829,141
115,251,0.944988,136
120,251,0.579458,131
122,251,0.928120,129
172,251,0.550724,79
185,251,0.550194,66
103,252,0.938267,149
171,252,0.524079,81
234,252,0.952062,18
239,252,0.504777,13
240,252,0.522860,12
245,252,0.838503,7
250,252,0.541213,2
123,254,0.856784,131
108,255,0.667451,147
113,255,0.999529,142
118,255,0.599126,137
181,255,0.539160,74
239,255,0.627629,16
244,255,0.928546,11
249,255,0.624895,6
109,256,0.837251,147
115,256,0.661985,141
120,256,0.938687,136
125,256,0.612069,131
127,256,0.875072,129
177,256,0.512164,79
108,257,0.950489,149
176,257,0.510068,81
239,257,0.971446,18
245,257,0.549110,12
250,257,0.847079,7
255,257,0.579038,2
128,259,0.813496,131
113,260,0.738079,147
118,260,0.996075,142
123,260,0.591388,137
244,260,0.647535,16
249,260,0.920698,11
254,260,0.676267,6
114,261,0.875343,147
120,261,0.663324,141
125,261,0.920224,136
130,261,0.559996,131
132,261,0.814169,129
113,262,0.932123,149
181,262,0.634369,81
244,262,0.934812,18
250,262,0.557034,12
255,262,0.870663,7
260,262,0.611784,2
133,264,0.782662,131
118,265,0.704098,147
123,265,0.979885,142
128,265,0.561903,137
249,265,0.646610,16
254,265,0.935791,11
259,265,0.708478,6
119,266,0.871727,147
125,266,0.615058,141
130,266,0.892510,136
135,266,0.528097,131
137,266,0.727066,129
118,267,0.907366,149
186,267,0.592446,81
249,267,0.898531,18
255,267,0.520481,12
260,267,0.867972,7
265,267,0.636318,2
138,269,0.796461,131
123,270,0.677647,147
128,270,0.960305,142
133,270,0.566169,137
254,270,0.629059,16
259,270,0.951594,11
264,270,0.736817,6
124,271,0.889403,147
130,271,0.670045,141
135,271,0.939510,136
137,271,0.512435,134
140,271,0.512578,131
123,272,0.924655,149
191,272,0.509245,81
254,272,0.943374,18
259,272,0.504415,13
260,272,0.524856,12
265,272,0.876806,7
270,272,0.622099,2
202,274,0.547872,72
210,274,0.587263,64
128,275,0.722467,147
133,275,0.983202,142
138,275,0.584187,137
192,275,0.542649,83
259,275,0.601016,16
264,275,0.934427,11
269,275,0.646613,6
129,276,0.836383,147
135,276,0.637765,141
140,276,0.905262,136
128,277,0.928753,149
259,277,0.959058,18
265,277,0.532029,12
270,277,0.882701,7
275,277,0.592654,2
